13 12
1 2 
2 3 
2 4 
2 5 
4 6 
4 7 
7 8 
7 9 
5 10 
5 11 
11 12 
11 13 

13
1 $F, 0$ [170.81123065948486,48.5] 
2 $g, 1$ [170.81123065948486,99.25] 
3 $X, 2$ [38.19461154937744,150] 
4 $H, 3$ [134.20883464813232,150] 
5 $H, 8$ [340.0302457809448,150] 
6 $X, 4$ [92.80314540863037,200.75] 
7 $H, 5$ [175.61452388763428,200.75] 
8 $X, 6$ [139.07769680023193,251.5] 
9 $Y, 7$ [212.15135097503662,251.5] 
10 $X, 9$ [285.2250051498413,200.75] 
11 $H, 10$ [394.83548641204834,200.75] 
12 $X, 11$ [358.298659324646,251.5] 
13 $Y, 12$ [431.3723134994507,251.5] 

[23.19461154937744,33.5,20.75]

Directed
